m = -0.002000
Vnom_at_gBy2 = 134251.157752
V_at_gBy2 = 134099.134909
V_at_neg_gBy2 = -133794.792451
delV_at_gBy2  = -152.022843
delV_at_neg_gBy2 = 456.365301
dgI_at_gBy2 =     0.000000
dgI_at_neg_gBy2 =    -0.000000
dgOut_at_gBy2 =     0.000143
dgOut_at_neg_gBy2 =    -0.000143

dbetaBybeta0ut_at_gBy2 = 0.002134

